1 10109 2
0 0
1
369.482 1026.75
255 255 255
10
4.18692 10
0 0 0
477 10
255 255 255
120 20
0
0 0
260 350
255 255 255
1400 600
260 0
255 255 255
1400 1080
4
5990
50 50
2
478.638 728.772
255 255 255
50 50
10 10067
544.976 841.31
255 255 255
50 50
0 10077
9
575 1006.26
235 211 187
1.5 4
0.95 0.95
0 1.93711
575 683.742
235 211 187
1.5 4
0.95 0.95
0 -1.93711
365.365 1022.38
235 211 187
1.5 4
0.95 0.95
-2.51825 2.13083
431.65 1127.68
235 211 187
1.5 4
0.95 0.95
5.14564 6.61583
415.756 1032.32
235 211 187
1.5 4
0.95 0.95
2.94037 -6.61583
373.371 1021.72
235 211 187
1.5 4
0.95 0.95
-2.94037 -8.08601
468.738 1111.79
235 211 187
1.5 4
0.95 0.95
10.2913 4.41055
336.284 1132.98
235 211 187
1.5 4
0.95 0.95
-8.08601 7.35092
357.476 1048.21
235 211 187
1.5 4
0.95 0.95
-5.14564 -4.41055
0
20 20
70 30
206
0 0
0 0 0
70 30
0
70 0
0 0 1
70 30
0
140 0
0 0 4
70 30
0
210 0
0 0 9
70 30
0
280 0
0 0 16
70 30
0
350 0
0 0 25
70 30
0
420 0
0 0 36
70 30
0
490 0
0 0 49
70 30
0
560 0
0 0 64
70 30
0
630 0
0 0 81
70 30
0
700 0
0 0 100
70 30
0
770 0
0 0 121
70 30
0
840 0
0 0 144
70 30
0
910 0
0 0 169
70 30
0
980 0
0 0 196
70 30
0
1050 0
0 0 225
70 30
0
1120 0
0 0 256
70 30
0
1190 0
0 0 289
70 30
0
1260 0
0 0 324
70 30
0
1330 0
0 0 361
70 30
0
0 30
1 0 0
70 30
0
70 30
1 1 1
70 30
0
140 30
1 2 4
70 30
0
210 30
1 3 9
70 30
0
280 30
1 4 16
70 30
0
350 30
1 5 25
70 30
0
420 30
1 6 36
70 30
0
490 30
1 7 49
70 30
0
560 30
1 8 64
70 30
0
630 30
1 9 81
70 30
0
700 30
1 10 100
70 30
0
770 30
1 11 121
70 30
0
840 30
1 12 144
70 30
0
910 30
1 13 169
70 30
0
980 30
1 14 196
70 30
0
1050 30
1 15 225
70 30
0
1120 30
1 16 256
70 30
0
1190 30
1 17 289
70 30
0
1260 30
1 18 324
70 30
0
1330 30
1 19 361
70 30
0
0 60
4 0 0
70 30
0
70 60
4 2 1
70 30
0
140 60
4 4 4
70 30
0
210 60
4 6 9
70 30
0
280 60
4 8 16
70 30
0
350 60
4 10 25
70 30
0
420 60
4 12 36
70 30
0
490 60
4 14 49
70 30
0
560 60
4 16 64
70 30
0
630 60
4 18 81
70 30
0
700 60
4 20 100
70 30
0
770 60
4 22 121
70 30
0
840 60
4 24 144
70 30
0
910 60
4 26 169
70 30
0
980 60
4 28 196
70 30
0
1050 60
4 30 225
70 30
0
1120 60
4 32 256
70 30
0
1190 60
4 34 289
70 30
0
1260 60
4 36 324
70 30
0
1330 60
4 38 361
70 30
0
0 90
9 0 0
70 30
0
70 90
9 3 1
70 30
0
140 90
9 6 4
70 30
0
210 90
9 9 9
70 30
0
280 90
9 12 16
70 30
0
350 90
9 15 25
70 30
0
420 90
9 18 36
70 30
0
490 90
9 21 49
70 30
0
560 90
9 24 64
70 30
0
630 90
9 27 81
70 30
0
700 90
9 30 100
70 30
0
770 90
9 33 121
70 30
0
840 90
9 36 144
70 30
0
910 90
9 39 169
70 30
0
980 90
9 42 196
70 30
0
1050 90
9 45 225
70 30
0
1120 90
9 48 256
70 30
0
1190 90
9 51 289
70 30
0
1260 90
9 54 324
70 30
0
1330 90
9 57 361
70 30
0
0 120
16 0 0
70 30
0
70 120
16 4 1
70 30
0
140 120
16 8 4
70 30
0
210 120
16 12 9
70 30
-1
280 120
16 16 16
70 30
-1
350 120
16 20 25
70 30
-1
420 120
16 24 36
70 30
-1
490 120
16 28 49
70 30
-1
560 120
16 32 64
70 30
-1
630 120
16 36 81
70 30
-1
700 120
16 40 100
70 30
-1
770 120
16 44 121
70 30
-1
840 120
16 48 144
70 30
-1
910 120
16 52 169
70 30
-1
980 120
16 56 196
70 30
-1
1050 120
16 60 225
70 30
-1
1120 120
16 64 256
70 30
-1
1190 120
16 68 289
70 30
0
1260 120
16 72 324
70 30
0
1330 120
16 76 361
70 30
0
0 150
25 0 0
70 30
0
70 150
25 5 1
70 30
0
140 150
25 10 4
70 30
0
210 150
25 15 9
70 30
-1
280 150
25 20 16
70 30
1
350 150
25 25 25
70 30
1
420 150
25 30 36
70 30
1
490 150
25 35 49
70 30
1
560 150
25 40 64
70 30
1
630 150
25 45 81
70 30
1
700 150
25 50 100
70 30
1
770 150
25 55 121
70 30
1
840 150
25 60 144
70 30
1
910 150
25 65 169
70 30
1
980 150
25 70 196
70 30
1
1050 150
25 75 225
70 30
1
1120 150
25 80 256
70 30
-1
1190 150
25 85 289
70 30
0
1260 150
25 90 324
70 30
0
1330 150
25 95 361
70 30
0
0 180
36 0 0
70 30
0
70 180
36 6 1
70 30
0
140 180
36 12 4
70 30
0
210 180
36 18 9
70 30
1
280 180
36 24 16
70 30
1
350 180
36 30 25
70 30
2
420 180
36 36 36
70 30
2
490 180
36 42 49
70 30
2
560 180
36 48 64
70 30
2
630 180
36 54 81
70 30
2
700 180
36 60 100
70 30
2
770 180
36 66 121
70 30
2
840 180
36 72 144
70 30
2
910 180
36 78 169
70 30
2
980 180
36 84 196
70 30
2
1050 180
36 90 225
70 30
1
1120 180
36 96 256
70 30
-1
1190 180
36 102 289
70 30
0
1260 180
36 108 324
70 30
0
1330 180
36 114 361
70 30
0
0 210
49 0 0
70 30
0
70 210
49 7 1
70 30
0
140 210
49 14 4
70 30
0
210 210
49 21 9
70 30
-1
280 210
49 28 16
70 30
1
350 210
49 35 25
70 30
1
420 210
49 42 36
70 30
1
490 210
49 49 49
70 30
1
560 210
49 56 64
70 30
1
630 210
49 63 81
70 30
1
700 210
49 70 100
70 30
1
770 210
49 77 121
70 30
1
840 210
49 84 144
70 30
1
910 210
49 91 169
70 30
1
980 210
49 98 196
70 30
2
1050 210
49 105 225
70 30
1
1120 210
49 112 256
70 30
-1
1190 210
49 119 289
70 30
0
1260 210
49 126 324
70 30
0
1330 210
49 133 361
70 30
0
0 240
64 0 0
70 30
0
70 240
64 8 1
70 30
0
140 240
64 16 4
70 30
0
210 240
64 24 9
70 30
-1
280 240
64 32 16
70 30
1
350 240
64 40 25
70 30
2
420 240
64 48 36
70 30
2
490 240
64 56 49
70 30
2
560 240
64 64 64
70 30
2
630 240
64 72 81
70 30
2
700 240
64 80 100
70 30
2
770 240
64 88 121
70 30
2
840 240
64 96 144
70 30
2
910 240
64 104 169
70 30
1
980 240
64 112 196
70 30
2
1050 240
64 120 225
70 30
1
1120 240
64 128 256
70 30
-1
1190 240
64 136 289
70 30
0
1260 240
64 144 324
70 30
0
1330 240
64 152 361
70 30
0
0 270
81 0 0
70 30
0
70 270
81 9 1
70 30
0
140 270
81 18 4
70 30
0
210 270
81 27 9
70 30
1
280 270
81 36 16
70 30
1
350 270
81 45 25
70 30
2
420 270
81 54 36
70 30
1
490 270
81 63 49
70 30
1
560 270
81 72 64
70 30
1
630 270
81 81 81
70 30
1
700 270
81 90 100
70 30
1
770 270
81 99 121
70 30
1
840 270
81 108 144
70 30
2
910 270
81 117 169
70 30
1
980 270
81 126 196
70 30
2
1050 270
81 135 225
70 30
1
1120 270
81 144 256
70 30
-1
1190 270
81 153 289
70 30
0
1260 270
81 162 324
70 30
0
1330 270
81 171 361
70 30
0
0 300
100 0 0
70 30
0
70 300
100 10 1
70 30
0
140 300
100 20 4
70 30
0
210 300
100 30 9
70 30
-1
280 300
100 40 16
70 30
1
350 300
100 50 25
70 30
2
420 300
100 60 36
70 30
1
490 300
100 70 49
70 30
2
560 300
100 80 64
70 30
2
630 300
100 90 81
70 30
2
700 300
100 100 100
70 30
2
770 300
100 110 121
70 30
1
840 300
100 120 144
70 30
2
910 300
100 130 169
70 30
1
980 300
100 140 196
70 30
2
1050 300
100 150 225
70 30
1
1120 300
100 160 256
70 30
-1
1190 300
100 170 289
70 30
0
1260 300
100 180 324
70 30
0
1330 300
100 190 361
70 30
0
0 330
121 0 0
70 30
0
70 330
121 11 1
70 30
0
140 330
121 22 4
70 30
0
210 330
121 33 9
70 30
0
280 330
121 44 16
70 30
1
350 330
121 55 25
70 30
2
420 330
121 66 36
70 30
1
490 330
121 77 49
70 30
2
560 330
121 88 64
70 30
1
630 330
121 99 81
70 30
1
700 330
121 110 100
70 30
2
770 330
121 121 121
70 30
1
840 330
121 132 144
70 30
2
910 330
121 143 169
70 30
1
980 330
121 154 196
70 30
2
1050 330
121 165 225
70 30
1
1120 330
121 176 256
70 30
-1
1190 330
121 187 289
70 30
0
1260 330
121 198 324
70 30
0
1330 330
121 209 361
70 30
0
0 360
144 0 0
70 30
0
70 360
144 12 1
70 30
0
140 360
144 24 4
70 30
0
210 360
144 36 9
70 30
0
280 360
144 48 16
70 30
1
350 360
144 60 25
70 30
2
420 360
144 72 36
70 30
1
490 360
144 84 49
70 30
2
560 360
144 96 64
70 30
1
630 360
144 108 81
70 30
2
700 360
144 120 100
70 30
2
770 360
144 132 121
70 30
1
840 360
144 144 144
70 30
2
910 360
144 156 169
70 30
1
980 360
144 168 196
70 30
2
1050 360
144 180 225
70 30
1
1120 360
144 192 256
70 30
-1
1190 360
144 204 289
70 30
0
1260 360
144 216 324
70 30
0
1330 360
144 228 361
70 30
0
0 390
169 0 0
70 30
0
70 390
169 13 1
70 30
0
140 390
169 26 4
70 30
0
210 390
169 39 9
70 30
0
280 390
169 52 16
70 30
1
350 390
169 65 25
70 30
2
420 390
169 78 36
70 30
1
490 390
169 91 49
70 30
2
560 390
169 104 64
70 30
1
630 390
169 117 81
70 30
2
700 390
169 130 100
70 30
2
770 390
169 143 121
70 30
1
840 390
169 156 144
70 30
2
910 390
169 169 169
70 30
1
980 390
169 182 196
70 30
2
1050 390
169 195 225
70 30
1
1120 390
169 208 256
70 30
0
1190 390
169 221 289
70 30
0
1260 390
169 234 324
70 30
0
1330 390
169 247 361
70 30
0
0 420
196 0 0
70 30
0
70 420
196 14 1
70 30
0
140 420
196 28 4
70 30
0
210 420
196 42 9
70 30
0
280 420
196 56 16
70 30
1
350 420
196 70 25
70 30
2
420 420
196 84 36
70 30
1
490 420
196 98 49
70 30
2
560 420
196 112 64
70 30
1
630 420
196 126 81
70 30
2
700 420
196 140 100
70 30
2
770 420
196 154 121
70 30
1
840 420
196 168 144
70 30
2
910 420
196 182 169
70 30
1
980 420
196 196 196
70 30
2
1050 420
196 210 225
70 30
1
1120 420
196 224 256
70 30
0
1190 420
196 238 289
70 30
0
1260 420
196 252 324
70 30
0
1330 420
196 266 361
70 30
0
0 450
225 0 0
70 30
0
70 450
225 15 1
70 30
0
140 450
225 30 4
70 30
0
210 450
225 45 9
70 30
0
280 450
225 60 16
70 30
0
350 450
225 75 25
70 30
2
420 450
225 90 36
70 30
1
490 450
225 105 49
70 30
2
560 450
225 120 64
70 30
1
630 450
225 135 81
70 30
1
700 450
225 150 100
70 30
1
770 450
225 165 121
70 30
1
840 450
225 180 144
70 30
2
910 450
225 195 169
70 30
1
980 450
225 210 196
70 30
2
1050 450
225 225 225
70 30
1
1120 450
225 240 256
70 30
0
1190 450
225 255 289
70 30
0
1260 450
225 270 324
70 30
0
1330 450
225 285 361
70 30
0
0 480
256 0 0
70 30
0
70 480
256 16 1
70 30
0
140 480
256 32 4
70 30
0
210 480
256 48 9
70 30
0
280 480
256 64 16
70 30
0
350 480
256 80 25
70 30
2
420 480
256 96 36
70 30
1
490 480
256 112 49
70 30
2
560 480
256 128 64
70 30
2
630 480
256 144 81
70 30
2
700 480
256 160 100
70 30
2
770 480
256 176 121
70 30
2
840 480
256 192 144
70 30
2
910 480
256 208 169
70 30
1
980 480
256 224 196
70 30
2
1050 480
256 240 225
70 30
1
1120 480
256 256 256
70 30
0
1190 480
256 272 289
70 30
0
1260 480
256 288 324
70 30
0
1330 480
256 304 361
70 30
0
0 510
289 0 0
70 30
0
70 510
289 17 1
70 30
0
140 510
289 34 4
70 30
0
210 510
289 51 9
70 30
0
280 510
289 68 16
70 30
1
350 510
289 85 25
70 30
2
420 510
289 102 36
70 30
1
490 510
289 119 49
70 30
1
560 510
289 136 64
70 30
1
630 510
289 153 81
70 30
1
700 510
289 170 100
70 30
1
770 510
289 187 121
70 30
1
840 510
289 204 144
70 30
1
910 510
289 221 169
70 30
1
980 510
289 238 196
70 30
2
1050 510
289 255 225
70 30
1
1120 510
289 272 256
70 30
0
1190 510
289 289 289
70 30
0
1260 510
289 306 324
70 30
0
1330 510
289 323 361
70 30
0
0 540
324 0 0
70 30
0
70 540
324 18 1
70 30
0
140 540
324 36 4
70 30
0
210 540
324 54 9
70 30
0
280 540
324 72 16
70 30
1
350 540
324 90 25
70 30
2
420 540
324 108 36
70 30
2
490 540
324 126 49
70 30
2
560 540
324 144 64
70 30
2
630 540
324 162 81
70 30
2
700 540
324 180 100
70 30
2
770 540
324 198 121
70 30
2
840 540
324 216 144
70 30
2
910 540
324 234 169
70 30
2
980 540
324 252 196
70 30
2
1050 540
324 270 225
70 30
1
1120 540
324 288 256
70 30
0
1190 540
324 306 289
70 30
0
1260 540
324 324 324
70 30
0
1330 540
324 342 361
70 30
0
0 570
361 0 0
70 30
0
70 570
361 19 1
70 30
0
140 570
361 38 4
70 30
0
210 570
361 57 9
70 30
0
280 570
361 76 16
70 30
1
350 570
361 95 25
70 30
1
420 570
361 114 36
70 30
1
490 570
361 133 49
70 30
1
560 570
361 152 64
70 30
1
630 570
361 171 81
70 30
1
700 570
361 190 100
70 30
1
770 570
361 209 121
70 30
1
840 570
361 228 144
70 30
1
910 570
361 247 169
70 30
1
980 570
361 266 196
70 30
1
1050 570
361 285 225
70 30
1
1120 570
361 304 256
70 30
0
1190 570
361 323 289
70 30
0
1260 570
361 342 324
70 30
0
1330 570
361 361 361
70 30
0
0
0
